9,8,FOLDER,20200101
78,8,FOLDER,20200102
147,8,FOLDER,20200103
216,8,FOLDER,20200104
285,8,FOLDER,20200105
354,8,FOLDER,20200106
423,8,FOLDER,20200107
492,8,FOLDER,20200108
561,8,FOLDER,20200109
630,8,FOLDER,20200110
699,8,FOLDER,20200111
768,8,FOLDER,20200112
837,8,FOLDER,20200113
906,8,FOLDER,20200114
975,8,FOLDER,20200115
1044,8,FOLDER,20200116
1113,8,FOLDER,20200117
1182,8,FOLDER,20200118
1251,8,FOLDER,20200119
1320,8,FOLDER,20200120
1389,8,FOLDER,20200121
1458,8,FOLDER,20200122
1527,8,FOLDER,20200123
1596,8,FOLDER,20200124
1665,8,FOLDER,20200125
1734,8,FOLDER,20200126
1803,8,FOLDER,20200127
1872,8,FOLDER,20200128
9,69,FOLDER,20200129
78,69,FOLDER,20200130
147,69,FOLDER,20200131
216,69,FOLDER,20200201
285,69,FOLDER,20200202
354,69,FOLDER,20200203
423,69,FOLDER,20200204
492,69,FOLDER,20200205
561,69,FOLDER,20200206
630,69,FOLDER,20200207
699,69,FOLDER,20200208
768,69,FOLDER,20200209
837,69,FOLDER,20200210
906,69,FOLDER,20200211
975,69,FOLDER,20200212
1044,69,FOLDER,20200213
1113,69,FOLDER,20200214
1182,69,FOLDER,20200215
1251,69,FOLDER,20200216
1320,69,FOLDER,20200217
1389,69,FOLDER,20200218
1458,69,FOLDER,20200219
1527,69,FOLDER,20200220
1596,69,FOLDER,20200221
1665,69,FOLDER,20200222
1734,69,FOLDER,20200223
1803,69,FOLDER,20200224
1872,69,FOLDER,20200225
9,130,FOLDER,20200226
78,130,FOLDER,20200227
147,130,FOLDER,20200228
216,130,FOLDER,20200229
285,130,FOLDER,20200301
354,130,FOLDER,20200302
423,130,FOLDER,20200303
492,130,FOLDER,20200304
561,130,FOLDER,20200305
630,130,FOLDER,20200306
699,130,FOLDER,20200307
768,130,FOLDER,20200308
837,130,FOLDER,20200309
906,130,FOLDER,20200310
975,130,FOLDER,20200311
1044,130,FOLDER,20200312
1113,130,FOLDER,20200313
1182,130,FOLDER,20200314
1251,130,FOLDER,20200315
1320,130,FOLDER,20200316
1389,130,FOLDER,20200317
1458,130,FOLDER,20200318
1527,130,FOLDER,20200319
1596,130,FOLDER,20200320
1665,130,FOLDER,20200321
1734,130,FOLDER,20200322
1803,130,FOLDER,20200323
1872,130,FOLDER,20200324
9,191,FOLDER,20200325
78,191,FOLDER,20200326
147,191,FOLDER,20200327
216,191,FOLDER,20200328
285,191,FOLDER,20200329
354,191,FOLDER,20200330
423,191,FOLDER,20200331
492,191,FOLDER,20200401
561,191,FOLDER,20200402
630,191,FOLDER,20200403
699,191,FOLDER,20200404
768,191,FOLDER,20200405
837,191,FOLDER,20200406
906,191,FOLDER,20200407
975,191,FOLDER,20200408
1044,191,FOLDER,20200409
1113,191,FOLDER,20200410
1182,191,FOLDER,20200411
1251,191,FOLDER,20200412
1320,191,FOLDER,20200413
1389,191,FOLDER,20200414
1458,191,FOLDER,20200415
1527,191,FOLDER,20200416
1596,191,FOLDER,20200417
1665,191,FOLDER,20200418
1734,191,FOLDER,20200419
1803,191,FOLDER,20200420
9,252,FOLDER,20200421
78,252,FOLDER,20200422
147,252,FOLDER,20200423
216,252,FOLDER,20200424
285,252,FOLDER,20200425
354,252,FOLDER,20200426
423,252,FOLDER,20200427
492,252,FOLDER,20200428
561,252,FOLDER,20200429
630,252,FOLDER,20200430
699,252,FOLDER,20200501
768,252,FOLDER,20200502
837,252,FOLDER,20200503
906,252,FOLDER,20200504
975,252,FOLDER,20200505
1044,252,FOLDER,20200506
1113,252,FOLDER,20200507
1182,252,FOLDER,20200508
1251,252,FOLDER,20200509
1320,252,FOLDER,20200510
1389,252,FOLDER,20200511
1458,252,FOLDER,20200512
1527,252,FOLDER,20200513
1596,252,FOLDER,20200514
1665,252,FOLDER,20200515
1734,252,FOLDER,20200516
1803,252,FOLDER,20200517
9,313,FOLDER,20200518
78,313,FOLDER,20200519
147,313,FOLDER,20200520
216,313,FOLDER,20200521
285,313,FOLDER,20200522
354,313,FOLDER,20200523
423,313,FOLDER,20200524
492,313,FOLDER,20200525
561,313,FOLDER,20200526
630,313,FOLDER,20200527
699,313,FOLDER,20200528
768,313,FOLDER,20200529
837,313,FOLDER,20200530
906,313,FOLDER,20200531
975,313,FOLDER,20200601
1044,313,FOLDER,20200602
1113,313,FOLDER,20200603
1182,313,FOLDER,20200604
1251,313,FOLDER,20200605
1320,313,FOLDER,20200606
1389,313,FOLDER,20200607
1458,313,FOLDER,20200608
1527,313,FOLDER,20200609
1596,313,FOLDER,20200610
1665,313,FOLDER,20200611
1734,313,FOLDER,20200612
1803,313,FOLDER,20200613
9,374,FOLDER,20200614
78,374,FOLDER,20200615
147,374,FOLDER,20200616
216,374,FOLDER,20200617
285,374,FOLDER,20200618
354,374,FOLDER,20200619
423,374,FOLDER,20200620
492,374,FOLDER,20200621
561,374,FOLDER,20200622
630,374,FOLDER,20200623
699,374,FOLDER,20200624
768,374,FOLDER,20200625
837,374,FOLDER,20200626
906,374,FOLDER,20200627
975,374,FOLDER,20200628
1044,374,FOLDER,20200629
1113,374,FOLDER,20200630
1182,374,FOLDER,20200701
1251,374,FOLDER,20200702
1320,374,FOLDER,20200703
1389,374,FOLDER,20200704
1458,374,FOLDER,20200705
1527,374,FOLDER,20200706
1596,374,FOLDER,20200707
1665,374,FOLDER,20200708
1734,374,FOLDER,20200709
1803,374,FOLDER,20200710
9,435,FOLDER,20200711
78,435,FOLDER,20200712
147,435,FOLDER,20200713
216,435,FOLDER,20200714
285,435,FOLDER,20200715
354,435,FOLDER,20200716
423,435,FOLDER,20200717
492,435,FOLDER,20200718
561,435,FOLDER,20200719
630,435,FOLDER,20200720
699,435,FOLDER,20200721
768,435,FOLDER,20200722
837,435,FOLDER,20200723
906,435,FOLDER,20200724
975,435,FOLDER,20200725
1044,435,FOLDER,20200726
1113,435,FOLDER,20200727
1182,435,FOLDER,20200728
1251,435,FOLDER,20200729
1320,435,FOLDER,20200730
1389,435,FOLDER,20200731
1458,435,FOLDER,20200801
1527,435,FOLDER,20200802
1596,435,FOLDER,20200803
1665,435,FOLDER,20200804
1734,435,FOLDER,20200805
1803,435,FOLDER,20200806
1872,435,FOLDER,20200807
9,496,FOLDER,20200808
78,496,FOLDER,20200809
147,496,FOLDER,20200810
216,496,FOLDER,20200811
285,496,FOLDER,20200812
354,496,FOLDER,20200813
423,496,FOLDER,20200814
492,496,FOLDER,20200815
561,496,FOLDER,20200816
630,496,FOLDER,20200817
699,496,FOLDER,20200818
768,496,FOLDER,20200819
837,496,FOLDER,20200820
906,496,FOLDER,20200821
975,496,FOLDER,20200822
1044,496,FOLDER,20200823
1113,496,FOLDER,20200824
1182,496,FOLDER,20200825
1251,496,FOLDER,20200826
1320,496,FOLDER,20200827
1389,496,FOLDER,20200828
1458,496,FOLDER,20200829
1527,496,FOLDER,20200830
1596,496,FOLDER,20200831
1665,496,FOLDER,20200901
1734,496,FOLDER,20200902
1803,496,FOLDER,20200903
1872,496,FOLDER,20200904
9,557,FOLDER,20200905
78,557,FOLDER,20200906
147,557,FOLDER,20200907
216,557,FOLDER,20200908
285,557,FOLDER,20200909
354,557,FOLDER,20200910
423,557,FOLDER,20200911
492,557,FOLDER,20200912
561,557,FOLDER,20200913
630,557,FOLDER,20200914
699,557,FOLDER,20200915
768,557,FOLDER,20200916
837,557,FOLDER,20200917
906,557,FOLDER,20200918
975,557,FOLDER,20200919
1044,557,FOLDER,20200920
1113,557,FOLDER,20200921
1182,557,FOLDER,20200922
1251,557,FOLDER,20200923
1320,557,FOLDER,20200924
1389,557,FOLDER,20200925
1458,557,FOLDER,20200926
1527,557,FOLDER,20200927
1596,557,FOLDER,20200928
1665,557,FOLDER,20200929
1734,557,FOLDER,20200930
1803,557,FOLDER,20201001
1872,557,FOLDER,20201002
9,618,FOLDER,20201003
78,618,FOLDER,20201004
147,618,FOLDER,20201005
216,618,FOLDER,20201006
285,618,FOLDER,20201007
354,618,FOLDER,20201008
423,618,FOLDER,20201009
492,618,FOLDER,20201010
561,618,FOLDER,20201011
630,618,FOLDER,20201012
699,618,FOLDER,20201013
768,618,FOLDER,20201014
837,618,FOLDER,20201015
906,618,FOLDER,20201016
975,618,FOLDER,20201017
1044,618,FOLDER,20201018
1113,618,FOLDER,20201019
1182,618,FOLDER,20201020
1251,618,FOLDER,20201021
1320,618,FOLDER,20201022
1389,618,FOLDER,20201023
1458,618,FOLDER,20201024
1527,618,FOLDER,20201025
1596,618,FOLDER,20201026
1665,618,FOLDER,20201027
1734,618,FOLDER,20201028
1803,618,FOLDER,20201029
1872,618,FOLDER,20201030
9,679,FOLDER,20201031
78,679,FOLDER,20201101
147,679,FOLDER,20201102
216,679,FOLDER,20201103
285,679,FOLDER,20201104
354,679,FOLDER,20201105
423,679,FOLDER,20201106
492,679,FOLDER,20201107
561,679,FOLDER,20201108
630,679,FOLDER,20201109
699,679,FOLDER,20201110
768,679,FOLDER,20201111
837,679,FOLDER,20201112
906,679,FOLDER,20201113
975,679,FOLDER,20201114
1044,679,FOLDER,20201115
1113,679,FOLDER,20201116
1182,679,FOLDER,20201117
1251,679,FOLDER,20201118
1320,679,FOLDER,20201119
1389,679,FOLDER,20201120
1458,679,FOLDER,20201121
1527,679,FOLDER,20201122
1596,679,FOLDER,20201123
1665,679,FOLDER,20201124
1734,679,FOLDER,20201125
1803,679,FOLDER,20201126
1872,679,FOLDER,20201127
9,740,FOLDER,20201128
78,740,FOLDER,20201129
147,740,FOLDER,20201130
216,740,FOLDER,20201201
285,740,FOLDER,20201202
354,740,FOLDER,20201203
423,740,FOLDER,20201204
492,740,FOLDER,20201205
561,740,FOLDER,20201206
630,740,FOLDER,20201207
699,740,FOLDER,20201208
768,740,FOLDER,20201209
837,740,FOLDER,20201210
906,740,FOLDER,20201211
975,740,FOLDER,20201212
1044,740,FOLDER,20201213
1113,740,FOLDER,20201214
1182,740,FOLDER,20201215
1251,740,FOLDER,20201216
1320,740,FOLDER,20201217
1389,740,FOLDER,20201218
1458,740,FOLDER,20201219
1527,740,FOLDER,20201220
1596,740,FOLDER,20201221
1665,740,FOLDER,20201222
1734,740,FOLDER,20201223
1803,740,FOLDER,20201224
1872,740,FOLDER,20201225
9,801,FOLDER,20201226
78,801,FOLDER,20201227
147,801,FOLDER,20201228
216,801,FOLDER,20201229
285,801,FOLDER,20201230
354,801,FOLDER,20201231
423,801,FOLDER,20210101
492,801,FOLDER,20210102
561,801,FOLDER,20210103
630,801,FOLDER,20210104
699,801,FOLDER,20210105
768,801,FOLDER,20210106
837,801,FOLDER,20210107
906,801,FOLDER,20210108
975,801,FOLDER,20210109
1044,801,FOLDER,20210110
1113,801,FOLDER,20210111
